109.968
109.998
109.996
109.995
109.97
109.928
109.895
109.899
109.947
109.972
109.91
109.967
109.964
110.134
110.145
109.969
110.007
110.088
109.986
109.991
110.001
109.995
110.127
109.982
109.914
110.097
110.022
109.921
109.943
109.912
109.983
109.966
109.978
109.936
109.973
109.972
109.991
110.033
110.087
109.959
110.101
109.935
109.945
109.906
110.022
110.098
109.987
110.027
110.109
110.006
110.067
110.022
109.956
110.002
109.966
109.879
110.033
109.926
109.992
110.062
109.986
109.977
109.887
109.974
110.027
109.934
110.102
109.983
109.91
109.968
109.977
109.819
110.163
109.989
109.982
109.977
109.952
110.047
109.974
110.059
110.058
110.06
110.095
109.949
110.134
109.964
109.858
110.044
109.867
109.9
109.974
110.099
109.823
110.022
109.95
109.939
110.074
109.964
110.162
110.004
109.888
109.982
110.073
109.826
110.076
109.922
110.024
109.95
110.016
110.011
109.962
110.088
109.923
110.001
109.974
110.015
110.007
110.098
109.939
110.022
110.056
110.061
110.154
110.014
110.073
109.926
110.157
110.086
110
109.932
109.927
109.997
110.082
109.966
110.031
109.954
109.972
110.016
110.093
110
110.028
109.978
110.054
110.089
109.895
110.016
109.944
110.061
109.996
110.005
110.048
109.889
110.003
109.824
110.048
110.062
110.126
110.031
110.166
110.107
110.099
110.109
109.827
110.022
110.058
110.052
109.898
109.928
109.977
109.879
109.896
110.088
110.046
109.907
109.972
110.103
110.037
109.939
109.966
110.032
110.003
110.039
110.172
109.975
110.069
109.997
109.916
110.153
110.005
109.809
110.02
110.02
110.006
110.025
109.955
110.074
109.97
110
109.994
109.988
110.003
110.063
109.872
110.007
109.95
109.997
109.936
109.878
110.103
109.994
110.02
109.986
110.077
109.902
109.943
109.994
109.977
110.024
109.909
110.088
109.967
109.914
109.978
109.965
109.982
110.133
110.037
110.153
110.077
110.004
109.724
109.982
109.972
110.012
110.144
110.011
109.867
109.906
109.976
110.122
110.061
110.134
110.08
109.921
109.976
110.059
110.053
109.971
109.968
110.147
109.986
109.993
109.986
109.973
109.807
109.946
109.992
110.129
109.993
110.003
109.958
110.028
110.072
110.092
110.089
110.164
110.06
109.983
110.098
109.984
109.998
109.931
110.044
109.955
110.029
110.029
109.985
109.883
109.895
110.038
110.087
110.075
109.942
109.921
110.015
109.866
110.123
110.063
110.078
110.138
110.03
109.957
110.012
109.944
109.901
110.013
109.964
110.032
110.019
109.996
109.989
109.931
110.069
110
110.094
109.867
109.979
109.928
110.073
110.008
110.216
109.874
109.989
110.013
110.032
109.892
109.917
109.995
110.067
109.927
109.914
109.997
109.989
109.997
110.246
109.991
109.997
109.901
109.969
109.848
109.987
110.014
109.995
109.97
110.049
110.155
109.911
110.062
110.077
110.048
110.059
110.036
109.99
109.968
109.988
109.989
110.066
110.038
109.976
109.907
110.168
110.056
110.088
110.099
110.028
110.021
110.028
109.967
110.1
110.065
110.063
109.888
109.975
110.148
109.999
110.102
109.927
109.941
109.846
110.015
110.167
110.044
109.941
110.005
109.978
110.024
109.933
109.951
110.084
109.939
110.007
109.967
110.057
109.992
110.088
109.89
110.005
109.945
110.083
109.897
109.933
109.916
110.051
109.933
110.041
109.98
109.954
110.038
110.066
110.038
110.012
109.924
109.948
110.091
109.864
110.088
109.877
110.003
110.079
109.986
110.049
110.109
110.101
109.991
110.065
110.077
110.132
110.121
110.043
110.019
109.998
110.01
110.128
110.019
110.003
109.943
110.054
110.026
109.903
110.067
110.004
109.977
110.132
109.982
109.988
109.928
110.032
109.918
110.068
109.985
110.064
110.216
110.103
110.012
109.959
109.991
109.833
110.041
109.967
110.065
110.05
109.859
109.882
109.987
110.048
109.982
110.028
109.942
110.119
109.976
109.959
110.103
110.038
110.057
110.121
110.059
109.897
110.008
110.046
109.959
109.936
109.894
109.923
109.937
110.055
109.969
109.955
109.929
110.02
110.025
109.948
110.06
110.137
109.953
110.032
110.028
109.997
109.957
109.958
110.093
109.868
109.87
109.906
110.085
110.007
109.886
110.093
109.962
110.083
110.06
109.974
109.934
110.066
110.125
109.915
110.086
110.048
110.035
110.089
109.925
109.973
110.022
109.987
110.082
109.935
109.951
110.014
109.896
109.999
109.962
109.924
109.962
110.065
110.041
109.987
110.118
110.071
110.103
109.943
110.052
109.987
110.147
109.949
110.055
110.016
110.014
109.933
110.013
110.014
110.047
110.003
109.929
110.032
109.981
109.904
110.08
110.063
110.071
110.092
109.995
109.974
109.949
110.007
110.082
110.006
109.928
109.976
109.983
109.863
110.062
109.986
110.02
110.029
109.947
109.995
110.045
109.994
110.05
109.993
109.978
110.063
109.963
109.878
109.991
109.981
109.889
110.125
109.966
110.148
109.922
109.944
109.892
110.023
110.109
110.092
110.106
109.936
110.07
110.041
109.964
109.907
109.985
110.109
110.135
109.919
110.035
109.98
109.937
110.065
109.876
110.118
110.021
110.12
110.064
110.037
110.243
109.964
109.96
109.988
110.053
110.043
109.878
110.053
110.15
110.105
110.021
109.828
109.95
109.858
109.936
110.018
109.983
110.055
110.025
109.865
110.049
110.004
110.082
109.986
110.058
109.896
110.015
110.015
110.046
110.037
110.072
110.074
110.071
109.998
110.001
110.02
110.081
110.136
110.03
110.004
110.023
110.115
109.991
109.953
110.064
109.933
109.985
110.086
109.9
110.056
109.927
109.948
109.944
110.079
110.074
110.019
110.016
110.036
110.07
110.075
109.932
110.02
109.975
109.937
109.927
109.857
110.009
110.029
110.069
109.942
110.088
110.001
110.084
109.984
109.947
110.058
109.978
109.916
110.043
110.179
109.973
109.95
110.004
109.999
109.971
110.006
110.052
110.021
110.07
110.093
110.021
110.014
110
110.011
109.977
110.048
109.939
109.931
110.046
110.051
110.053
110.108
110.125
109.914
110.089
110.054
109.978
110.069
109.985
109.944
110.179
109.941
110.087
109.995
109.992
110.031
109.986
109.94
110.12
109.893
109.927
110.067
109.903
109.963
109.89
109.953
110.016
109.913
109.984
109.943
110.028
110.091
110.006
110.006
110.115
109.889
110.007
110.02
110.099
110.055
109.988
110.155
109.973
110.025
110.096
110.038
110.188
109.979
109.994
110.018
109.897
110.004
109.877
110.004
109.997
110.039
110.181
110.024
110.056
110
110.049
109.998
110.084
109.998
109.894
110.015
110.041
110.055
109.888
110.145
110.029
109.926
110.103
109.97
109.99
110.047
109.887
109.943
109.953
110.03
110.076
109.884
110.004
109.859
110.02
110.012
110.088
110.004
110.028
110.022
110.016
110.107
110.078
110.018
109.973