18.0176
18.0138
18.0145
17.9841
18.0001
18.0245
17.9991
17.9813
18.0135
18.0102
18.0364
18.0206
17.9976
17.9968
17.9957
18.0001
18.0272
18.0269
17.9976
17.9948
17.9795
18.0004
17.9767
17.9941
17.9792
17.9645
18.0086
18.0043
17.9894
17.9545
17.9781
18.0318
17.9605
18.0314
18.0045
17.9874
17.9947
18.015
17.9995
18.0063
18.0164
18.0173
18.0049
17.9891
18.0174
17.9738
18.0039
17.9941
17.9921
17.9993
18.0196
17.9752
17.9945
18.0326
17.9984
18.0148
17.9648
17.9659
17.989
17.9895
17.9609
17.987
18.0143
18.0222
18.0197
17.9997
17.9749
17.9817
17.9692
18.0035
18.0199
17.9913
17.9953
17.9944
18.0162
17.9854
18.0144
18.0009
17.9928
17.9869
17.9942
18.0042
18.0166
17.9601
17.9952
18.0238
17.9746
18.0357
17.9986
18.0002
17.9868
17.9611
17.9894
17.9918
17.9958
17.9936
17.9711
17.9866
17.9881
18.0092
17.9884
17.9687
18.0084
17.9994
18.0105
17.9986
18.0013
17.9795
18.0011
17.978
18.0054
18.0174
18.0065
17.9962
17.9718
18.004
18.034
18.007
18.0137
17.9965
17.9796
17.9973
17.9777
18.0192
18.0153
18.0138
18.0291
18.0096
17.9851
18.0042
18.018
18.0103
18.022
17.9632
17.9807
17.9937
18.0104
18.007
18.0232
18.0097
18.023
18.0013
17.9986
17.9932
17.9866
18.0007
18.0051
18.0032
18.0178
17.9684
18.0055
18.0049
17.9932
17.9933
18.0412
17.9781
17.9956
17.974
17.9802
18.0171
18.0106
17.973
17.9876
18.007
17.9937
18.0312
18.0182
18.0051
17.9611
18.0075
18.0193
18.0018
18.0478
17.9939
18.0324
18.0083
18.0181
17.9949
17.9951
17.9796
17.999
18.0059
18.0011
17.9712
17.9741
17.9998
18.0098
17.9744
17.9815
18.022
18.0232
18.013
17.9481
17.9821
18.0118
17.9983
18.0164
17.9709
18.0003
17.9861
18.0163
18.0063
17.9992
18.0018
18.0082
17.9865
17.9992
18.0088
17.9843
18.0083
18.0302
17.9864
17.9917
18.0152
18.0182
18.0063
17.9891
17.9889
17.9813
18.0221
18.0218
18.001
18.0129
18.0219
17.9952
18.0014
18.0424
18.0228
17.9872
18.0147
17.9787
17.9833
18.0019
18.0158
18.0068
17.994
17.9927
18.0048
17.9941
17.9937
17.9909
18.0171
18.0222
17.9964
17.9993
17.9964
17.9742
18.0065
18.008
17.9716
17.9923
17.9899
18.012
18.0098
17.9735
17.9905
17.9906
17.9915
18.0109
18.0085
18.0028
17.985
17.9622
17.9865
17.9901
18.0035
17.986
18.0109
18.0456
17.9998
18.024
17.9807
17.9897
18.021
17.9688
17.99
18.0131
18.0303
18.0018
17.9616
18.0083
17.9847
17.9878
18.0013
17.9724
17.9594
17.9775
17.9776
18.0039
18.0328
17.9941
17.9829
18.0163
17.9985
18.0066
17.9766
18.0273
18.0028
18.0127
18.0305
18.006
17.9866
18.0037
18.0038
18.0024
17.9849
18.0019
18.015
17.9994
17.9886
18.0155
17.9899
17.9944
17.9816
17.9982
17.9842
18.0221
17.9997
17.9954
18.0245
17.9991
18.0129
18.0327
18.0189
17.9987
18.0269
17.9836
18.0075
18.0304
18.0147
18.0044
18.0376
18.0319
17.9904
18.0213
18.0096
18.0185
18.0069
18.0116
17.9923
18.021
18.0408
18.0233
18.0015
18.0157
18.0131
18.0082
17.9722
18.025
18.0283
18.0199
18.0422
18.018
17.9919
18.0281
18.0022
17.9861
18.0065
18.0452
17.984
17.9935
17.9979
17.9937
18.018
17.9945
17.9987
18.0032
18.0068
18.0269
17.9651
18.0035
17.9973
17.9906
18.0107
18.0015
17.9657
17.9993
17.998
18.023
17.9987
17.998
18.0175
18.0265
18.0121
17.9593
18.0069
18.0098
17.9784
18.0007
17.989
17.9873
17.9863
18.0219
17.9932
18.025
18.015
17.9934
17.9947
18.0006
17.9872
17.9938
18.0014
18.0048
17.9707
17.9859
17.9931
17.9859
18.0254
17.9737
17.9922
17.9847
17.997
17.9868
17.989
17.9833
18.0048
18.0114
18.0175
17.9845
17.9794
18.0034
17.9826
18.02
18.0503
17.9739
17.9837
18.0393
17.9991
18.0064
18.0066
17.9796
18.0083
17.975
18.0158
18.0005
17.9878
18.0312
17.9969
18.0443
17.9644
18.0073
18.0195
17.985
17.9909
17.9608
17.9926
17.9859
17.9804
18.0227
18.01
18.0014
17.995
18.024
17.9996
18.0101
17.9946
17.9897
18.0324
17.9906
17.9852
17.9871
17.9774
17.9873
17.9883
18.0117
17.9818
18.0068
18.0165
18.0212
17.9985
17.9965
18.0046
18.0178
17.9801
17.9793
17.9929
17.9849
17.9889
17.9937
18.0245
18.0105
18.0035
18.0013
18.0129
18.0059
18.0291
17.9757
18.0193
17.9973
17.9669
17.9917
18.027
17.9542
18.0032
17.9843
18.026
18.0116
18.0012
17.9854
17.9842
18.0213
18.0327
18.0154
18.0026
17.9907
17.9948
17.9919
17.9967
17.9911
17.9954
18.0016
17.9851
18.0068
18.0085
18.0121
17.9895
17.9907
18.0168
17.9849
17.9764
17.9911
18.006
17.9988
18.0221
17.9974
17.9985
18.0121
18.0015
18.0043
17.9717
18.0021
17.9803
17.9728
17.9964
18.0005
17.9825
18.0633
18.0033
18.0062
17.9668
17.9929
18.0076
17.9854
17.9957
18.024
17.9613
18.0381
18.0037
18.0093
17.9901
18.0168
18.0097
18.0121
18.0402
18.0081
18.0166
18.0002
18.0178
18.023
18.0075
18.0054
17.9891
17.9944
17.9975
17.9962
17.9906
18.0122
17.9646
18.028
18.0073
18.0053
17.9991
18.003
18.004
17.9906
17.9652
17.9631
17.9718
17.9634
18.0106
17.9986
18.0195
17.9958
17.9869
18.0131
18.0091
18.0047
17.997
17.9986
18.0258
17.9885
18.0087
17.9953
17.9886
18.0029
17.9913
18.0059
17.9958
17.981
17.99
17.9924
17.9885
17.9917
17.9647
18.0065
17.9916
17.9747
17.997
17.9697
17.9778
18.0014
18.0129
17.9832
18.0021
17.9904
17.9935
17.9776
17.9831
18.0227
18.0067
17.9568
17.9849
17.9829
18.0124
17.9946
18.0109
18.0057
17.9954
17.9849
17.9917
17.9841
18.0186
17.9984
17.9705
17.9836
18.0096
17.99
17.9777
18.0127
17.9921
17.9861
18.0168
17.9774
17.9921
17.9775
17.9818
18.0096
18.0263
17.9657
17.9897
17.9836
17.9905
18.0133
17.9919
18.0119
18.0322
18.0179
18.001
17.9972
18.0217
17.9946
17.9962
17.9944
18.0258
18.0182
18.0022
17.989
18.008
18.002
17.9808
17.9856
18.0011
17.9994
17.9892
18.023
18.0147
17.9996
18.0146
17.9983
18.0079
17.986
17.9934
17.9794
18.0119
17.9906
17.9935
18.0127
18.0032
17.9822
18.021
17.9958
17.9938
18.0026
17.9876
17.9957
17.9921
17.9917
18.0033
17.997
18.0171
17.9851
17.9769
17.9924
18.0064
18.0318
18.0181
18.0274
17.9854
18.0126
17.9975
18.0108
18.028
18.041
17.9864
18.0103
18.0194
18.0063
17.9945
17.988
17.993
18.0208
18.0244
18.0156
17.9907
18.0164
17.9762
18.0295
17.9863
18.0136
17.9775
18.0121
17.9793
18.0139
17.9957
17.9985
18.0098
17.9871
17.9779
17.9923
17.9686
18.0163
18.0052
17.9796
17.9993
17.9768
18.0051
17.9973
18.0109
17.9814
18.0038
18.0136
17.9898
18.0066
18.0411
18.0025
18.006
17.9936
17.9912
17.9886
18.0038
18.0112
18.0035
18.0259
17.9766
18.0252
18.0191
17.9904
18.0263
17.9968
17.9712
17.9971
17.9785
17.9767
18.0079
18.0234
18.0046
17.9956
17.9904
18.0178
17.9762
18.0033
18.0279
18.0031
17.9916
18.0083
18.0019
18.0204
17.9901
17.9854
18.0012
17.9977
17.9867
18.0019
18.0062
18.018
17.9723
17.9851
17.9977
18.0106
17.9996